07-06-2019	00001	FACTURAS.TXT
1	99223	A	300507	28/5/2019	11	2	46348.07
1	99224	A	300507	28/5/2019	11	2	102785.15
1	99225	A	21826	28/5/2019	11	2	126285.64
1	99227	A	214858	28/5/2019	11	2	151059.14
1	99228	A	214858	28/5/2019	11	2	259863.92
1	99229	A	214858	28/5/2019	11	2	134604.03
1	99230	A	214858	28/5/2019	11	2	135524.12
1	99231	A	214858	28/5/2019	11	2	10511.95
1	99056	A	72672	10/5/2019	11	2	75246.38
1	99057	A	72672	10/5/2019	11	2	196257.62
1	99058	A	72672	10/5/2019	11	2	75339.75
1	98503	A	300598	15/3/2019	11	2	7553.46
1	98504	A	221279	15/3/2019	11	2	53949.46
1	98505	A	221279	15/3/2019	11	2	45669.35
1	98506	A	221279	15/3/2019	11	2	44808.04
1	98507	A	221279	15/3/2019	11	2	6795.67
1	98508	A	300411	15/3/2019	11	2	252586.11
1	98509	A	300411	15/3/2019	11	2	137100.48
1	98510	A	300411	15/3/2019	11	2	154682.26
1	98511	A	300579	15/3/2019	11	2	60849.67
1	98512	A	300579	15/3/2019	11	2	29178.25
1	98513	A	300579	15/3/2019	11	2	16943.36
1	98514	A	300593	15/3/2019	11	2	34009.53
1	98515	A	300593	15/3/2019	11	2	25076.37
1	98516	A	35857	18/3/2019	11	2	76446.42
1	98517	A	143255	18/3/2019	11	2	37947.92
1	98518	A	143255	18/3/2019	11	2	44155.28
1	98519	A	21642	18/3/2019	11	2	57305.57
1	98520	A	21642	18/3/2019	11	2	27741.71
1	6195	A	32075	18/3/2019	12	2	32813
1	6196	A	32075	18/3/2019	12	2	500
1	6197	A	201396	18/3/2019	12	2	10000
1	6198	A	201396	18/3/2019	12	2	200
1	6199	A	201396	18/3/2019	12	2	30000
1	6200	A	201396	18/3/2019	12	2	200
1	6201	A	300578	18/3/2019	12	2	9042.51
1	6202	A	300578	18/3/2019	12	2	200
1	6203	A	300433	18/3/2019	12	2	28500
1	6204	A	300433	18/3/2019	12	2	500
1	98521	A	300458	18/3/2019	11	2	171559.65
1	98522	A	300458	18/3/2019	11	2	101944.27
1	98523	A	300458	18/3/2019	11	2	41155.93
1	98524	A	300458	18/3/2019	11	2	169860.85
1	98525	A	300458	18/3/2019	11	2	5844.42
1	98526	A	184030	18/3/2019	11	2	111795.06
1	98527	A	184030	18/3/2019	11	2	35000.21
1	98528	A	184030	18/3/2019	11	2	12316.26
1	98529	A	150070	18/3/2019	11	2	123948.13
1	98530	A	150070	18/3/2019	11	2	60289.57
1	98531	A	300587	18/3/2019	11	2	94792.2
1	98532	A	51135	19/3/2019	11	2	129566.22
1	98533	A	51135	19/3/2019	11	2	98555.63
1	98534	A	300591	19/3/2019	11	2	68557.9
1	98535	A	300611	19/3/2019	11	2	147332.29
1	98536	A	300611	19/3/2019	11	2	90534.62
1	6205	A	221279	19/3/2019	12	2	8752.38
1	6206	A	221279	19/3/2019	12	2	200
1	98537	A	300589	19/3/2019	11	2	48355.54
1	98538	A	300589	19/3/2019	11	2	9833.76
1	98539	A	300589	19/3/2019	11	2	8233.72
1	6207	A	152618	19/3/2019	12	2	122680
1	6208	A	152618	19/3/2019	12	2	200
1	98540	A	300172	19/3/2019	11	2	88973.31
1	98541	A	300172	19/3/2019	11	2	126960.59
1	98542	A	300172	19/3/2019	11	2	71007.99
1	98543	A	300172	19/3/2019	11	2	88078.83
1	98544	A	300172	19/3/2019	11	2	93828.1
1	98545	A	300578	19/3/2019	11	2	93193.75
1	98546	A	300578	19/3/2019	11	2	53415.55
1	98547	A	300610	19/3/2019	11	2	75489.85
1	98548	A	300610	19/3/2019	11	2	28529.49
1	98549	A	50812	20/3/2019	11	2	16456.82
1	98550	A	50812	20/3/2019	11	2	16830.25
1	98551	A	50812	20/3/2019	11	2	36319.85
1	98552	A	50812	20/3/2019	11	2	53988.66
1	98553	A	50812	20/3/2019	11	2	62306.37
1	98554	A	50812	20/3/2019	11	2	35685.26
1	98555	A	50812	20/3/2019	11	2	51282.81
1	98556	A	50812	20/3/2019	11	2	13078.21
1	98557	A	300222	20/3/2019	11	2	93251.91
1	98558	A	300222	20/3/2019	11	2	42406.61
1	98559	A	300601	21/3/2019	11	2	38582.02
1	98560	A	300601	21/3/2019	11	2	79703.75
1	98561	A	300601	21/3/2019	11	2	46736.73
1	98562	A	300601	21/3/2019	11	2	29174.76
1	98563	A	221279	21/3/2019	11	2	34791.31
1	98564	A	221279	21/3/2019	11	2	20847.51
1	98565	A	300580	21/3/2019	11	2	113735.66
1	98566	A	300580	21/3/2019	11	2	126943.86
1	98567	A	300580	21/3/2019	11	2	82919.73
1	98568	A	300507	22/3/2019	11	2	70987.48
1	98569	A	300507	22/3/2019	11	2	1793.38
1	98570	A	300001	22/3/2019	11	2	161516.93
1	98571	A	300001	22/3/2019	11	2	112967.28
1	98572	A	300001	22/3/2019	11	2	43385.2
1	98573	A	201993	22/3/2019	11	2	22563.2
1	98574	A	201993	22/3/2019	11	2	31805.26
1	98575	A	201993	22/3/2019	11	2	51962.18
1	98576	A	201993	22/3/2019	11	2	5223.8
1	98577	A	300598	25/3/2019	11	2	7115.21
1	98578	A	32075	25/3/2019	11	2	131403.89
1	98579	A	32075	25/3/2019	11	2	74688.23
1	98580	A	184030	25/3/2019	11	2	35570.38
1	98581	A	184030	25/3/2019	11	2	82320.43
1	98582	A	184030	25/3/2019	11	2	5659.93
1	98583	A	40545	25/3/2019	11	2	147530.79
1	98584	A	40545	25/3/2019	11	2	40801.19
1	98585	A	51301	25/3/2019	11	2	10134.46
1	98586	A	51301	25/3/2019	11	2	43858.67
1	98587	A	51301	25/3/2019	11	2	11932.44
1	98588	A	51301	25/3/2019	11	2	10858.78
1	98589	A	51301	25/3/2019	11	2	12036.24
1	98590	A	51301	25/3/2019	11	2	24341.46
1	98591	A	51301	25/3/2019	11	2	15999.94
1	98592	A	150070	25/3/2019	11	2	63230.04
1	98593	A	150070	25/3/2019	11	2	23349.54
1	98594	A	300172	25/3/2019	11	2	104686.18
1	98595	A	300172	25/3/2019	11	2	130243.75
1	98596	A	300172	25/3/2019	11	2	94511.76
1	98597	A	300172	25/3/2019	11	2	46268.64
1	98598	A	300172	25/3/2019	11	2	105697.97
1	98599	A	300172	25/3/2019	11	2	27870.06
1	98600	A	110419	26/3/2019	11	2	9095.95
1	98601	A	21745	26/3/2019	11	2	61674.22
1	98602	A	21745	26/3/2019	11	2	43772.83
1	98603	A	21745	26/3/2019	11	2	30619.49
1	98604	A	300579	26/3/2019	11	2	40110.21
1	98605	A	300579	26/3/2019	11	2	13587.36
1	98606	A	300579	26/3/2019	11	2	5540.24
1	98607	A	300598	26/3/2019	11	2	42761.37
1	98608	A	300598	26/3/2019	11	2	89093.72
1	98609	A	300598	26/3/2019	11	2	58380.34
1	98610	A	300598	26/3/2019	11	2	213129.39
1	98611	A	300598	26/3/2019	11	2	23782.29
1	98612	A	300598	26/3/2019	11	2	45245.24
1	6209	A	300587	26/3/2019	12	2	24000
1	6210	A	300587	26/3/2019	12	2	500
1	6211	A	300433	26/3/2019	12	2	25115.1
1	6212	A	300433	26/3/2019	12	2	500
1	98613	A	152618	26/3/2019	11	2	166469.17
1	98614	A	152618	26/3/2019	11	2	236230.02
1	98615	A	152618	26/3/2019	11	2	118607.68
1	98616	A	152618	26/3/2019	11	2	128762.9
1	98617	A	152618	26/3/2019	11	2	23874.06
1	6213	A	300604	26/3/2019	12	2	10000
1	6214	A	300604	26/3/2019	12	2	500
1	6215	A	50812	26/3/2019	12	2	18800
1	6216	A	50812	26/3/2019	12	2	500
1	3355	A	32075	27/3/2019	31	2	4312.92
1	98618	A	300604	27/3/2019	11	2	67146.23
1	98619	A	300604	27/3/2019	11	2	162393.59
1	98620	A	300604	27/3/2019	11	2	83614.17
1	98621	A	300604	27/3/2019	11	2	32219.18
1	98622	A	300592	27/3/2019	11	2	184287.14
1	98623	A	300592	27/3/2019	11	2	24615.8
1	98624	A	300600	27/3/2019	11	2	80941.87
1	98625	A	300600	27/3/2019	11	2	92699.75
1	98626	A	300599	27/3/2019	11	2	320947.37
1	98627	A	300599	27/3/2019	11	2	204340.83
1	98628	A	300599	27/3/2019	11	2	56359.23
1	98629	A	300599	27/3/2019	11	2	133045.13
1	98630	A	300599	27/3/2019	11	2	60626.11
1	98631	A	21826	27/3/2019	11	2	140001.63
1	98632	A	21826	27/3/2019	11	2	2987.01
1	98633	A	100477	28/3/2019	11	2	10360.66
1	98634	A	100477	28/3/2019	11	2	85363.23
1	98635	A	100477	28/3/2019	11	2	45801.21
1	98636	A	300593	28/3/2019	11	2	104291.91
1	98637	A	300597	28/3/2019	11	2	76614.44
1	98638	A	40545	28/3/2019	11	2	11292.33
1	98639	A	170022	28/3/2019	11	2	86347.63
1	98640	A	170022	28/3/2019	11	2	99155.87
1	98641	A	170022	28/3/2019	11	2	28212.53
1	6217	A	300602	28/3/2019	12	2	9400
1	6218	A	300602	28/3/2019	12	2	200
1	6219	A	200243	28/3/2019	12	2	25000
1	6220	A	200243	28/3/2019	12	2	200
1	98642	A	43821	28/3/2019	11	2	93044.94
1	98643	A	43821	28/3/2019	11	2	181258.08
1	98644	A	43821	28/3/2019	11	2	212441.24
1	98645	A	43821	28/3/2019	11	2	298658.09
1	98646	A	43821	28/3/2019	11	2	12562.04
1	98647	A	300507	28/3/2019	11	2	85511.05
1	98648	A	300507	28/3/2019	11	2	57179.12
1	98649	A	300507	28/3/2019	11	2	48921.33
1	98650	A	300587	28/3/2019	11	2	106706.45
1	98651	A	300403	28/3/2019	11	2	65907.36
1	98652	A	300403	28/3/2019	11	2	48173.89
1	98653	A	300403	28/3/2019	11	2	77020.41
1	98654	A	300403	28/3/2019	11	2	38669.24
1	98655	A	300586	28/3/2019	11	2	68134.61
1	98656	A	300577	28/3/2019	11	2	75821.88
1	98657	A	300577	28/3/2019	11	2	73981.34
1	98658	A	300001	28/3/2019	11	2	198981.8
1	98659	A	300592	28/3/2019	11	2	383790.17
1	98660	A	72672	28/3/2019	11	2	80297.31
1	98661	A	72672	28/3/2019	11	2	19409.25
1	3350	A	300592	12/3/2019	31	2	55252.73
1	98662	A	300580	29/3/2019	11	2	40098.25
1	98663	A	300580	29/3/2019	11	2	119038.28
1	98664	A	300580	29/3/2019	11	2	118743.31
1	98665	A	300580	29/3/2019	11	2	150983.24
1	98666	A	300580	29/3/2019	11	2	7703.43
1	98667	A	300596	29/3/2019	11	2	88246.78
1	98668	A	300605	29/3/2019	11	2	45019.76
1	98669	A	300605	29/3/2019	11	2	97070.77
1	98670	A	300605	29/3/2019	11	2	32601.44
1	98671	A	300589	29/3/2019	11	2	52326.68
1	25364	B	300410	29/3/2019	11	1	60.05
1	98673	A	300588	29/3/2019	11	2	308367.22
1	98674	A	300588	29/3/2019	11	2	527019.04
1	98675	A	300588	29/3/2019	11	2	182200.72
1	98676	A	300172	29/3/2019	11	2	77106.05
1	98677	A	300172	29/3/2019	11	2	136505.28
1	98678	A	300172	29/3/2019	11	2	61767.19
1	98679	A	300172	29/3/2019	11	2	15095.39
1	98680	A	221279	29/3/2019	11	2	25851.74
1	98681	A	221279	29/3/2019	11	2	27560.33
1	98682	A	221279	29/3/2019	11	2	43609.5
1	98683	A	300411	29/3/2019	11	2	150196.25
1	98684	A	300411	29/3/2019	11	2	13718.65
1	98685	A	300411	29/3/2019	11	2	216033.47
1	98981	A	300458	30/4/2019	11	2	56878.95
1	98982	A	300574	30/4/2019	11	2	25555.09
1	98983	A	300574	30/4/2019	11	2	77796.71
1	98984	A	300574	30/4/2019	11	2	98341.29
1	99055	A	184030	10/5/2019	11	2	4069.23
1	99222	A	300507	28/5/2019	11	2	14879.79
1	6271	A	32075	2/5/2019	12	2	10000
1	6272	A	32075	2/5/2019	12	2	500
1	6273	A	51301	2/5/2019	12	2	4000
1	6274	A	51301	2/5/2019	12	2	200
1	6275	A	32075	2/5/2019	12	2	10000
1	3380	A	32075	2/5/2019	31	2	10000
1	6276	A	100477	2/5/2019	12	2	10000
1	6277	A	100477	2/5/2019	12	2	200
1	98994	A	214858	2/5/2019	11	2	522344.85
1	3381	A	214858	2/5/2019	31	2	33316.56
1	98995	A	300001	2/5/2019	11	2	96820.81
1	98996	A	300001	2/5/2019	11	2	103028.32
1	98997	A	300001	2/5/2019	11	2	16909.81
1	15793	A	213270	2/5/2019	31	1	688.04
1	98998	A	300488	2/5/2019	11	2	5885.15
1	98999	A	300488	2/5/2019	11	2	23204.67
1	99000	A	300488	2/5/2019	11	2	32372.1
1	99001	A	300488	2/5/2019	11	2	12961.67
1	99002	A	300507	3/5/2019	11	2	57387.18
1	99003	A	300507	3/5/2019	11	2	79609.71
1	99010	A	143255	6/5/2019	11	2	82822.65
1	99011	A	184030	6/5/2019	11	2	35708.26
1	99012	A	184030	6/5/2019	11	2	6950.06
1	99013	A	300593	6/5/2019	11	2	99139.18
1	99014	A	300593	6/5/2019	11	2	9085.19
1	99015	A	300433	7/5/2019	11	2	254947.47
1	99016	A	300433	7/5/2019	11	2	418521.6
1	99017	A	300433	7/5/2019	11	2	242142.31
1	99018	A	300433	7/5/2019	11	2	319168.13
1	99019	A	300433	7/5/2019	11	2	355462.45
1	99020	A	300433	7/5/2019	11	2	421695.66
1	3383	A	300433	7/5/2019	31	2	421695.66
1	99021	A	300601	7/5/2019	11	2	22813.62
1	99022	A	300601	7/5/2019	11	2	25099.82
1	99023	A	300601	7/5/2019	11	2	7023.36
1	99024	A	221279	7/5/2019	11	2	6366.18
1	99025	A	300605	7/5/2019	11	2	108454.65
1	99026	A	300605	7/5/2019	11	2	29371.32
1	99027	A	21745	8/5/2019	11	2	112035.11
1	99028	A	21745	8/5/2019	11	2	61065.82
1	99029	A	300586	8/5/2019	11	2	64489.53
1	99030	A	300586	8/5/2019	11	2	3097.68
1	99031	A	201993	8/5/2019	11	2	61580.44
1	99032	A	201993	8/5/2019	11	2	710.46
1	6280	A	221279	9/5/2019	12	2	5000
1	6281	A	221279	9/5/2019	12	2	5000
1	6283	A	221279	9/5/2019	12	2	200
1	6285	A	221279	9/5/2019	12	2	200
1	99033	A	300610	9/5/2019	11	2	48652.05
1	99034	A	300610	9/5/2019	11	2	64253.8
1	99035	A	300610	9/5/2019	11	2	33413.81
1	3385	A	300610	9/5/2019	31	2	5904.05
1	6278	A	221279	9/5/2019	12	2	10000
1	6279	A	221279	9/5/2019	12	2	200
1	6282	A	221279	9/5/2019	12	2	5000
1	6284	A	221279	9/5/2019	12	2	200
1	99036	A	43821	9/5/2019	11	2	60699.31
1	99037	A	300611	9/5/2019	11	2	169848.96
1	99038	A	300611	9/5/2019	11	2	56657.61
1	6286	A	214858	9/5/2019	12	2	36000
1	6287	A	214858	9/5/2019	12	2	200
1	6288	A	201396	9/5/2019	12	2	9750
1	6289	A	201396	9/5/2019	12	2	200
1	6290	A	32075	9/5/2019	12	2	47437
1	6291	A	32075	9/5/2019	12	2	500
1	6292	A	214858	9/5/2019	12	2	54560
1	6293	A	214858	9/5/2019	12	2	200
1	6294	A	152618	9/5/2019	12	2	84665.24
1	6295	A	152618	9/5/2019	12	2	200
1	6296	A	300589	9/5/2019	12	2	7234
1	6297	A	300589	9/5/2019	12	2	200
1	6298	A	153115	9/5/2019	12	2	6980
1	6299	A	153115	9/5/2019	12	2	200
1	99039	A	300578	10/5/2019	11	2	84802.76
1	99040	A	300578	10/5/2019	11	2	35200.62
1	99041	A	300588	10/5/2019	11	2	153742.6
1	99042	A	300588	10/5/2019	11	2	156690.22
1	99043	A	300588	10/5/2019	11	2	15491.15
1	99044	A	51301	10/5/2019	11	2	2145.98
1	99045	A	51301	10/5/2019	11	2	6606.61
1	99046	A	51301	10/5/2019	11	2	68284.18
1	99047	A	51301	10/5/2019	11	2	25505.87
1	99048	A	51301	10/5/2019	11	2	3235.28
1	99049	A	300577	10/5/2019	11	2	83626.52
1	99050	A	221279	10/5/2019	11	2	46933.59
1	99051	A	221279	10/5/2019	11	2	48923.05
1	99052	A	221279	10/5/2019	11	2	31450.25
1	99053	A	300433	10/5/2019	11	2	487124.54
1	3386	A	300433	10/5/2019	31	2	31489.23
1	99054	A	184030	10/5/2019	11	2	43951.52
1	99059	A	61541	13/5/2019	11	2	13967.42
1	99060	A	61541	13/5/2019	11	2	37168.23
1	99061	A	61541	13/5/2019	11	2	105025.9
1	99062	A	61541	13/5/2019	11	2	53714.87
1	99063	A	61541	13/5/2019	11	2	84419.88
1	99064	A	61541	13/5/2019	11	2	68500.35
1	99065	A	61541	13/5/2019	11	2	10878.61
1	99066	A	143255	13/5/2019	11	2	54031.91
1	99067	A	143255	13/5/2019	11	2	31657.86
1	99068	A	300588	13/5/2019	11	2	128178.24
1	99069	A	300588	13/5/2019	11	2	79189.91
1	99070	A	300588	13/5/2019	11	2	117083.45
1	99071	A	300588	13/5/2019	11	2	103302.05
1	99072	A	184030	14/5/2019	11	2	68010.22
1	99073	A	184030	14/5/2019	11	2	31035.67
1	99074	A	184030	14/5/2019	11	2	10257.51
1	99077	A	32075	14/5/2019	11	2	163731.72
1	99078	A	32075	14/5/2019	11	2	133260.05
1	99079	A	300222	14/5/2019	11	2	131872.35
1	99080	A	300222	14/5/2019	11	2	119998.84
1	99081	A	300608	14/5/2019	11	2	55730.57
1	98439	A	300433	12/3/2019	11	2	237330.79
1	98440	A	300433	12/3/2019	11	2	251467.32
1	98441	A	300433	12/3/2019	11	2	60765.05
1	98442	A	300591	12/3/2019	11	2	4511.52
1	98443	A	184030	12/3/2019	11	2	64840.66
1	98444	A	184030	12/3/2019	11	2	31134.29
1	98445	A	184030	12/3/2019	11	2	59962.14
1	98446	A	184030	12/3/2019	11	2	11400.61
1	98447	A	20944	12/3/2019	11	2	68731.92
1	98448	A	20944	12/3/2019	11	2	113462.39
1	98449	A	20944	12/3/2019	11	2	101552.37
1	98450	A	20944	12/3/2019	11	2	70193.64
1	98451	A	20944	12/3/2019	11	2	504378.02
1	98452	A	20944	12/3/2019	11	2	95669.44
1	98453	A	20944	12/3/2019	11	2	60103.48
1	98454	A	20944	12/3/2019	11	2	248403.66
1	98455	A	20944	12/3/2019	11	2	358893.9
1	98456	A	20944	12/3/2019	11	2	302636.73
1	98457	A	20944	12/3/2019	11	2	167250.12
1	98458	A	20944	12/3/2019	11	2	46278.16
1	98459	A	20944	12/3/2019	11	2	86023.52
1	98460	A	20944	12/3/2019	11	2	149121.09
1	98461	A	20944	12/3/2019	11	2	327043.59
1	98462	A	20944	12/3/2019	11	2	229494.94
1	98463	A	20944	12/3/2019	11	2	93401.57
1	98464	A	20944	12/3/2019	11	2	62709.12
1	98465	A	300588	12/3/2019	11	2	174937.5
1	98466	A	300588	12/3/2019	11	2	54490.78
1	98467	A	300588	12/3/2019	11	2	118511.34
1	98468	A	300588	12/3/2019	11	2	17257.66
1	98672	A	300589	29/3/2019	11	2	19578.99
1	98469	A	50990	12/3/2019	11	2	13501.02
1	98470	A	50990	12/3/2019	11	2	9386.42
1	98471	A	50990	12/3/2019	11	2	13248.05
1	98472	A	50990	12/3/2019	11	2	20353.73
1	98473	A	50990	12/3/2019	11	2	18276.14
1	98474	A	50990	12/3/2019	11	2	13245.69
1	3351	A	32075	13/3/2019	31	2	7274.88
1	3352	A	20944	13/3/2019	31	2	54999.45
1	98475	A	300607	13/3/2019	11	2	31218.1
1	98476	A	300607	13/3/2019	11	2	28788.78
1	98477	A	300607	13/3/2019	11	2	39657.88
1	98478	A	300607	13/3/2019	11	2	144769.21
1	98479	A	300607	13/3/2019	11	2	221202.83
1	98480	A	300607	13/3/2019	11	2	59712.77
1	98481	A	300607	13/3/2019	11	2	81630.79
1	98482	A	300607	13/3/2019	11	2	95939.34
1	98483	A	300607	13/3/2019	11	2	184968.74
1	98484	A	300607	13/3/2019	11	2	53120.67
1	98485	A	300507	13/3/2019	11	2	88801.6
1	98486	A	300507	13/3/2019	11	2	51058.08
1	98487	A	300577	13/3/2019	11	2	124493
1	98488	A	300577	13/3/2019	11	2	57936.41
1	98489	A	300577	13/3/2019	11	2	65993.95
1	98490	A	21745	13/3/2019	11	2	131343.35
1	98491	A	21745	13/3/2019	11	2	35279.42
1	98492	A	200243	14/3/2019	11	2	192323.53
1	98493	A	100477	14/3/2019	11	2	37963.84
1	98494	A	100477	14/3/2019	11	2	79584.55
1	3353	A	100477	14/3/2019	31	2	2999.97
1	98495	A	51310	14/3/2019	11	2	33461.45
1	98496	A	51310	14/3/2019	11	2	134999.31
1	98497	A	51310	14/3/2019	11	2	83183.43
1	98498	A	51310	14/3/2019	11	2	55565.47
1	98499	A	77480	14/3/2019	11	2	5184.79
1	98500	A	77480	14/3/2019	11	2	20277.59
1	98501	A	77480	14/3/2019	11	2	33818.5
1	98502	A	77480	14/3/2019	11	2	2488.93
1	99244	A	300222	29/5/2019	11	2	126114.37
1	99245	A	300222	29/5/2019	11	2	85802.04
1	99251	A	300507	29/5/2019	11	2	37215.9
1	99252	A	300580	29/5/2019	11	2	108146.75
1	99253	A	300580	29/5/2019	11	2	89228.47
1	3371	A	300589	25/4/2019	31	2	10953.74
1	98686	A	143255	1/4/2019	11	2	92327.54
1	98687	A	143255	1/4/2019	11	2	7557.13
1	98688	A	141294	1/4/2019	11	2	70922.96
1	98689	A	141294	1/4/2019	11	2	10835.1
1	98690	A	184030	1/4/2019	11	2	64757.32
1	98691	A	184030	1/4/2019	11	2	25010.39
1	6221	A	300433	1/4/2019	12	2	28500
1	6222	A	300433	1/4/2019	12	2	500
1	6223	A	300574	1/4/2019	12	2	200000
1	6224	A	300574	1/4/2019	12	2	200
1	98692	A	300222	1/4/2019	11	2	93016.73
1	98693	A	300222	1/4/2019	11	2	51831.53
1	6225	A	150070	3/4/2019	12	2	1470
1	6226	A	150070	3/4/2019	12	2	200
1	98694	A	21745	3/4/2019	11	2	100301.5
1	98695	A	21745	3/4/2019	11	2	36513.18
1	25365	B	200926	4/4/2019	11	1	165.85
1	98696	A	300593	4/4/2019	11	2	67085.07
1	98697	A	51310	4/4/2019	11	2	53075.87
1	98698	A	51310	4/4/2019	11	2	81521.61
1	98699	A	51310	4/4/2019	11	2	53736.98
1	98700	A	51310	4/4/2019	11	2	5282.57
1	98701	A	300587	4/4/2019	11	2	23650.1
1	98702	A	300587	4/4/2019	11	2	35570.22
1	3356	A	300587	4/4/2019	31	2	14999.85
1	98703	A	300601	4/4/2019	11	2	39179.97
1	98704	A	300601	4/4/2019	11	2	52712.73
1	6227	A	300611	5/4/2019	12	2	15753.87
1	6228	A	300611	5/4/2019	12	2	200
1	98705	A	300222	8/4/2019	11	2	3819.79
1	3357	A	300222	8/4/2019	31	2	1336.2
1	98706	A	150070	8/4/2019	11	2	10381.97
1	98707	A	143255	8/4/2019	11	2	102573.01
1	98708	A	300588	8/4/2019	11	2	421079.04
1	6229	A	201396	8/4/2019	12	2	7500
1	3358	A	201396	8/4/2019	31	2	200
1	6230	A	201396	8/4/2019	12	2	200
1	6231	A	201396	8/4/2019	12	2	200
1	98709	A	221279	8/4/2019	11	2	30854.8
1	98410	A	221279	8/3/2019	11	2	31607.17
1	98411	A	221279	8/3/2019	11	2	45963.09
1	98412	A	221279	8/3/2019	11	2	21095.2
1	98413	A	300606	8/3/2019	11	2	91922.09
1	98414	A	300606	8/3/2019	11	2	79643.02
1	98415	A	300591	8/3/2019	11	2	66958.19
1	98416	A	300591	8/3/2019	11	2	53966.04
1	98417	A	300591	8/3/2019	11	2	88009.18
1	98418	A	300605	8/3/2019	11	2	45942.32
1	98419	A	300605	8/3/2019	11	2	43770.08
1	98420	A	300592	8/3/2019	11	2	56874.78
1	3348	A	300592	8/3/2019	31	2	22999.77
1	434288	A	213270	8/3/2019	11	1	688.04
1	98421	A	300602	8/3/2019	11	2	51275.5
1	98422	A	300602	8/3/2019	11	2	72109.85
1	98423	A	300602	8/3/2019	11	2	37641.62
1	98428	A	200243	11/3/2019	11	2	105239.89
1	98429	A	200243	11/3/2019	11	2	6032.02
1	98430	A	300602	11/3/2019	11	2	80860.14
1	98431	A	300602	11/3/2019	11	2	17759.07
1	98424	A	30355	11/3/2019	11	2	108839.91
1	98425	A	30355	11/3/2019	11	2	114258.8
1	98426	A	300588	11/3/2019	11	2	184219.76
1	98427	A	300588	11/3/2019	11	2	580727.99
1	3349	A	300602	11/3/2019	31	2	8999.91
1	98432	A	32075	11/3/2019	11	2	45700.42
1	98433	A	32075	11/3/2019	11	2	202314.18
1	98434	A	32075	11/3/2019	11	2	94929.81
1	98435	A	143255	11/3/2019	11	2	57392.94
1	98436	A	143255	11/3/2019	11	2	39629.28
1	98437	A	110419	11/3/2019	11	2	81165.2
1	98438	A	110419	11/3/2019	11	2	27379.87
1	3387	A	300601	13/5/2019	31	2	578.29
1	3390	A	32075	24/5/2019	31	2	6630.32
1	99174	A	221279	24/5/2019	11	2	31585.32
1	99175	A	221279	24/5/2019	11	2	103604.62
1	99176	A	221279	24/5/2019	11	2	36198.65
1	99177	A	221279	24/5/2019	11	2	35728.88
1	99178	A	221279	24/5/2019	11	2	1751.28
1	99179	A	110419	24/5/2019	11	2	32695.99
1	99180	A	110419	24/5/2019	11	2	21997.17
1	99181	A	110419	24/5/2019	11	2	13063.57
1	99188	A	300593	27/5/2019	11	2	26144.48
1	99189	A	300593	27/5/2019	11	2	26688.18
1	99199	A	150070	27/5/2019	11	2	122404.66
1	99200	A	150070	27/5/2019	11	2	12285.98
1	3391	A	21745	27/5/2019	31	2	11808.11
1	99207	A	300588	28/5/2019	11	2	49776.61
1	99208	A	300588	28/5/2019	11	2	94477.87
1	99209	A	300588	28/5/2019	11	2	171726.11
1	99210	A	300588	28/5/2019	11	2	152866.6
1	99211	A	300588	28/5/2019	11	2	48578.26
1	99212	A	300588	28/5/2019	11	2	32024.98
1	99213	A	300588	28/5/2019	11	2	24994.38
1	99214	A	300588	28/5/2019	11	2	298734.49
1	99215	A	50990	28/5/2019	11	2	7242.34
1	99216	A	50990	28/5/2019	11	2	7305.14
1	99217	A	50990	28/5/2019	11	2	21527.52
1	99218	A	50990	28/5/2019	11	2	22642.87
1	99219	A	50990	28/5/2019	11	2	13451.79
1	99082	A	300608	14/5/2019	11	2	32606.65
1	99083	A	300591	14/5/2019	11	2	59156.58
1	99084	A	120345	14/5/2019	11	2	37425.68
1	99085	A	120345	14/5/2019	11	2	79690.37
1	99086	A	120345	14/5/2019	11	2	100906.36
1	99087	A	120345	14/5/2019	11	2	65452.84
1	99088	A	120345	14/5/2019	11	2	37014.01
1	99089	A	300507	14/5/2019	11	2	115345.82
1	99090	A	300507	14/5/2019	11	2	12395.63
1	99099	A	300597	14/5/2019	11	2	25733.54
1	99100	A	300597	14/5/2019	11	2	55253.96
1	99101	A	300597	14/5/2019	11	2	54916.46
1	99102	A	300597	14/5/2019	11	2	61528.33
1	99103	A	300597	14/5/2019	11	2	55382.04
1	99105	A	300612	15/5/2019	11	2	20631.46
1	99106	A	300612	15/5/2019	11	2	29001.91
1	99107	A	300612	15/5/2019	11	2	11619.27
1	99108	A	51310	15/5/2019	11	2	150815.71
1	99109	A	51310	15/5/2019	11	2	33993.92
1	99110	A	51310	15/5/2019	11	2	46930.48
1	99111	A	51310	15/5/2019	11	2	29977.69
1	6300	A	150070	15/5/2019	12	2	5316.6
1	6301	A	150070	15/5/2019	12	2	200
1	6302	A	100477	15/5/2019	12	2	40000
1	6303	A	100477	15/5/2019	12	2	200
1	6304	A	300433	15/5/2019	12	2	25000
1	6305	A	300433	15/5/2019	12	2	500
1	6306	A	300433	15/5/2019	12	2	25000
1	6307	A	300433	15/5/2019	12	2	500
1	99112	A	300593	16/5/2019	11	2	38391.85
1	99117	A	221279	16/5/2019	11	2	25093.83
1	99118	A	221279	16/5/2019	11	2	48483.47
1	99119	A	221279	16/5/2019	11	2	12748.32
1	99120	A	300580	16/5/2019	11	2	159391.57
1	99121	A	300580	16/5/2019	11	2	187488.7
1	99122	A	300580	16/5/2019	11	2	102727.58
1	6308	A	200243	16/5/2019	12	2	22450
1	6309	A	200243	16/5/2019	12	2	200
1	99123	A	300606	17/5/2019	11	2	59384.92
1	99124	A	300606	17/5/2019	11	2	13239.16
1	99125	A	35857	17/5/2019	11	2	150143.74
1	99126	A	35857	17/5/2019	11	2	225899.12
1	99127	A	35857	17/5/2019	11	2	107531.01
1	99134	A	150070	20/5/2019	11	2	5712.65
1	99139	A	181367	20/5/2019	11	2	171690.42
1	99140	A	21826	20/5/2019	11	2	16953.38
1	99141	A	21826	20/5/2019	11	2	57717.95
1	99142	A	21826	20/5/2019	11	2	42145.64
1	25370	B	300121	20/5/2019	11	1	426.46
1	99143	A	184030	21/5/2019	11	2	40969.75
1	99144	A	184030	21/5/2019	11	2	18563.01
1	99145	A	184030	21/5/2019	11	2	958.7
1	99146	A	150070	21/5/2019	11	2	117247.27
1	99147	A	150070	21/5/2019	11	2	45536.11
1	99148	A	300588	21/5/2019	11	2	90241.87
1	99149	A	300588	21/5/2019	11	2	75352.37
1	99150	A	300588	21/5/2019	11	2	90446.89
1	99151	A	300588	21/5/2019	11	2	80039.41
1	99152	A	300588	21/5/2019	11	2	86290.12
1	99153	A	300001	21/5/2019	11	2	189097.54
1	99154	A	300001	21/5/2019	11	2	9922.79
1	3389	A	300604	21/5/2019	31	2	19999.8
1	99156	A	300596	22/5/2019	11	2	65702.83
1	6310	A	150070	22/5/2019	12	2	28351.34
1	6311	A	150070	22/5/2019	12	2	200
1	6312	A	300458	22/5/2019	12	2	49406
1	6313	A	300458	22/5/2019	12	2	200
1	6316	A	51310	22/5/2019	12	2	8554.13
1	6317	A	51310	22/5/2019	12	2	500
1	99162	A	32075	22/5/2019	11	2	110069.18
1	99163	A	32075	22/5/2019	11	2	75142.31
1	99164	A	32075	22/5/2019	11	2	80087.53
1	99165	A	300507	22/5/2019	11	2	12160.88
1	25371	B	39135	22/5/2019	11	1	1023.72
1	99166	A	40545	23/5/2019	11	2	8643.99
1	99167	A	300591	23/5/2019	11	2	31841.07
1	99168	A	300591	23/5/2019	11	2	40487.81
1	99170	A	300601	23/5/2019	11	2	21002.37
1	99171	A	300601	23/5/2019	11	2	31440.35
1	99172	A	300601	23/5/2019	11	2	16906.83
1	98985	A	300574	30/4/2019	11	2	94861.72
1	98986	A	300574	30/4/2019	11	2	90556.24
1	98987	A	300574	30/4/2019	11	2	20353.71
1	98988	A	300411	30/4/2019	11	2	288937.07
1	98989	A	300411	30/4/2019	11	2	212018.12
1	98990	A	300411	30/4/2019	11	2	45239.64
1	98991	A	100477	30/4/2019	11	2	135991.99
1	98992	A	100477	30/4/2019	11	2	24675.23
1	3378	A	32075	30/4/2019	31	2	15676.89
1	3379	A	110419	30/4/2019	31	2	9095.95
1	98993	A	110419	30/4/2019	11	2	8267.3
1	3354	A	110419	26/3/2019	31	2	8267.3
1	3393	A	21745	3/6/2019	31	2	4291.07
1	99274	A	300587	3/6/2019	11	2	22282.95
1	99275	A	300587	3/6/2019	11	2	68704.59
1	99276	A	300587	3/6/2019	11	2	58359.86
1	99277	A	300587	3/6/2019	11	2	107050.83
1	3394	A	143255	3/6/2019	31	2	15626.81
1	99284	A	300592	4/6/2019	11	2	102758.75
1	3395	A	300592	4/6/2019	31	2	15855.06
1	99286	A	300591	4/6/2019	11	2	65295.66
1	3396	A	32075	4/6/2019	31	2	22952.2
1	3397	A	300589	4/6/2019	31	2	21979.48
1	99288	A	32075	4/6/2019	11	2	115336.14
1	99289	A	32075	4/6/2019	11	2	144557.68
1	99290	A	32075	4/6/2019	11	2	94634.86
1	99291	A	32075	4/6/2019	11	2	112705.47
1	99292	A	32075	4/6/2019	11	2	7013.12
1	99293	A	32075	4/6/2019	11	2	21457.63
1	99294	A	32075	4/6/2019	11	2	848.69
1	3398	A	32075	4/6/2019	31	2	112705.47
1	3399	A	32075	4/6/2019	31	2	7013.12
1	3400	A	32075	4/6/2019	31	2	21457.63
1	3401	A	32075	4/6/2019	31	2	848.69
1	99295	A	300588	4/6/2019	11	2	90955.03
1	99296	A	300588	4/6/2019	11	2	118131.65
1	99297	A	300588	4/6/2019	11	2	163360.8
1	99298	A	300588	4/6/2019	11	2	55990.68
1	99299	A	300588	4/6/2019	11	2	96138.35
1	99300	A	300588	4/6/2019	11	2	99916.75
1	99301	A	300588	4/6/2019	11	2	141110.46
1	3402	A	32075	5/6/2019	31	2	13907.95
1	99305	A	300612	5/6/2019	11	2	7185.08
1	99306	A	300612	5/6/2019	11	2	7155
1	99307	A	300612	5/6/2019	11	2	34002.26
1	99308	A	300612	5/6/2019	11	2	6519.03
1	99314	A	300612	6/6/2019	11	2	6596.02
1	99315	A	300612	6/6/2019	11	2	6447.5
1	99316	A	300612	6/6/2019	11	2	16874.05
1	99317	A	300612	6/6/2019	11	2	22094.01
1	99318	A	300612	6/6/2019	11	2	7674.33
1	99319	A	300612	6/6/2019	11	2	10716.45
1	99320	A	300612	6/6/2019	11	2	16039.23
1	99321	A	300612	6/6/2019	11	2	1917.95
1	99324	A	300172	6/6/2019	11	2	203264.94
1	99325	A	300172	6/6/2019	11	2	59905.95
1	99326	A	300172	6/6/2019	11	2	30095.22
1	3403	A	32075	6/6/2019	31	2	17363.12
1	3404	A	300588	6/6/2019	31	2	16827.36
1	3405	A	300588	6/6/2019	31	2	14474.45
1	3406	A	32075	6/6/2019	31	2	11741.67
1	3388	A	32075	15/5/2019	31	2	6799.58
1	3408	A	32075	7/6/2019	31	2	1989.89
1	99004	A	221279	3/5/2019	11	2	31533.99
1	99005	A	221279	3/5/2019	11	2	26327.13
1	99006	A	221279	3/5/2019	11	2	46362.7
1	99007	A	200243	3/5/2019	11	2	149285.34
1	99008	A	200243	3/5/2019	11	2	122647.33
1	99009	A	200243	3/5/2019	11	2	104482.71
1	3384	A	300588	7/5/2019	31	2	122482.1
1	3384	A	300588	7/5/2019	31	2	122482.1
1	99220	A	50990	28/5/2019	11	2	16848.31
1	99221	A	50990	28/5/2019	11	2	3527.31
1	99262	A	300588	31/5/2019	11	2	283847.81
1	3392	A	300588	31/5/2019	31	2	25889.48
1	99263	A	300592	31/5/2019	11	2	200852.35
1	99264	A	300592	31/5/2019	11	2	9833.17
1	99267	A	221279	31/5/2019	11	2	58529.31
1	99268	A	221279	31/5/2019	11	2	42843.8
1	99269	A	221279	31/5/2019	11	2	44354.28
1	99270	A	221279	31/5/2019	11	2	50500.03
1	98846	A	300023	18/4/2019	11	2	78909.45
1	98847	A	221279	18/4/2019	11	2	46440.9
1	98848	A	221279	18/4/2019	11	2	24934.05
1	6248	A	110419	18/4/2019	12	2	10000
1	6249	A	110419	18/4/2019	12	2	200
1	98849	A	220674	18/4/2019	11	2	77938.23
1	98850	A	220674	18/4/2019	11	2	39626.5
1	98851	A	220674	18/4/2019	11	2	27599.26
1	98852	A	300595	22/4/2019	11	2	43365.57
1	98853	A	300595	22/4/2019	11	2	13572.51
1	98854	A	300595	22/4/2019	11	2	32974.8
1	98855	A	300595	22/4/2019	11	2	33091.54
1	98856	A	32075	22/4/2019	11	2	152785.81
1	98857	A	32075	22/4/2019	11	2	167588.3
1	98858	A	32075	22/4/2019	11	2	78754.03
1	98859	A	32075	22/4/2019	11	2	123855.44
1	98860	A	150070	22/4/2019	11	2	73161.24
1	98861	A	150070	22/4/2019	11	2	51808.79
1	98862	A	300611	22/4/2019	11	2	80082.99
1	98863	A	300611	22/4/2019	11	2	114646.01
1	98864	A	51310	22/4/2019	11	2	116590.71
1	98865	A	51310	22/4/2019	11	2	41392.41
1	98866	A	300587	22/4/2019	11	2	97252.33
1	3365	A	300587	22/4/2019	31	2	10953.74
1	98867	A	300593	22/4/2019	11	2	95541.26
1	3366	A	300593	22/4/2019	31	2	10953.74
1	98868	A	300556	22/4/2019	11	2	40485.16
1	98869	A	300556	22/4/2019	11	2	28435.86
1	3367	A	300593	23/4/2019	31	2	4777.05
1	98870	A	141294	23/4/2019	11	2	59984.52
1	98871	A	300607	23/4/2019	11	2	84614.34
1	98872	A	300607	23/4/2019	11	2	38501.13
1	98874	A	300607	23/4/2019	11	2	67815
1	98875	A	300607	23/4/2019	11	2	65071.41
1	98876	A	300607	23/4/2019	11	2	152907.3
1	98877	A	300607	23/4/2019	11	2	142618.18
1	98878	A	300607	23/4/2019	11	2	19752.74
1	3368	A	300607	23/4/2019	31	2	9310.67
1	6250	A	201396	23/4/2019	12	2	25000
1	98879	A	300588	23/4/2019	11	2	154571.58
1	98880	A	300588	23/4/2019	11	2	116660.48
1	98881	A	300588	23/4/2019	11	2	352853.93
1	98882	A	184030	23/4/2019	11	2	51295.2
1	98883	A	184030	23/4/2019	11	2	15068.29
1	6251	A	201396	23/4/2019	12	2	25000
1	6252	A	201396	23/4/2019	12	2	200
1	98884	A	21745	24/4/2019	11	2	41551.46
1	98885	A	21745	24/4/2019	11	2	52889.72
1	98886	A	21745	24/4/2019	11	2	22750.32
1	98887	A	201993	24/4/2019	11	2	89638.2
1	3370	A	32075	24/4/2019	31	2	11135.64
1	6253	A	40545	24/4/2019	12	2	35000
1	6254	A	40545	24/4/2019	12	2	200
1	98888	A	50812	24/4/2019	11	2	11422.54
1	98889	A	50812	24/4/2019	11	2	24152.41
1	98890	A	50812	24/4/2019	11	2	62202.76
1	98891	A	50812	24/4/2019	11	2	19912.11
1	98892	A	110419	24/4/2019	11	2	23303
1	98893	A	110419	24/4/2019	11	2	5863.7
1	98894	A	110419	24/4/2019	11	2	19134.93
1	98895	A	110419	24/4/2019	11	2	16512.91
1	6255	A	201396	24/4/2019	12	2	66000
1	6256	A	201396	24/4/2019	12	2	200
1	6257	A	300411	24/4/2019	12	2	10188
1	6258	A	300411	24/4/2019	12	2	200
1	6259	A	300082	24/4/2019	12	2	9916
1	6260	A	300082	24/4/2019	12	2	200
1	6261	A	110419	24/4/2019	12	2	4000
1	6262	A	110419	24/4/2019	12	2	200
1	6263	A	221279	24/4/2019	12	2	24500
1	6264	A	221279	24/4/2019	12	2	200
1	98896	A	300604	25/4/2019	11	2	102658.93
1	98897	A	300604	25/4/2019	11	2	85640.45
1	98898	A	300604	25/4/2019	11	2	54929.46
1	98899	A	300596	25/4/2019	11	2	75309.59
1	98900	A	300222	25/4/2019	11	2	92344.09
1	98901	A	300222	25/4/2019	11	2	99402.42
1	98902	A	300222	25/4/2019	11	2	36326.62
1	98903	A	300600	25/4/2019	11	2	122388.38
1	98904	A	300600	25/4/2019	11	2	72089.21
1	98905	A	300600	25/4/2019	11	2	18256.67
1	98906	A	300600	25/4/2019	11	2	8125
1	98907	A	300601	25/4/2019	11	2	16368.85
1	98908	A	300601	25/4/2019	11	2	31788.91
1	98909	A	300601	25/4/2019	11	2	17549.19
1	98910	A	300589	25/4/2019	11	2	86304.92
1	6265	A	300082	25/4/2019	12	2	4475
1	6266	A	300082	25/4/2019	12	2	200
1	98911	A	153115	25/4/2019	11	2	441847.71
1	3372	A	153115	25/4/2019	31	2	26288.98
1	3369	A	201396	23/4/2019	31	2	25000
1	98912	A	300577	26/4/2019	11	2	47968.85
1	98913	A	300577	26/4/2019	11	2	31370.25
1	98914	A	300593	26/4/2019	11	2	51521.22
1	98915	A	10389	26/4/2019	11	2	104258.58
1	98916	A	21826	26/4/2019	11	2	291867.35
1	3373	A	21826	26/4/2019	31	2	22893.32
1	98917	A	21826	26/4/2019	11	2	159529.61
1	98918	A	300580	26/4/2019	11	2	113324.33
1	98919	A	300592	26/4/2019	11	2	81594.02
1	98920	A	300592	26/4/2019	11	2	27766.62
1	98921	A	300592	26/4/2019	11	2	120375.62
1	98922	A	300592	26/4/2019	11	2	37467.38
1	3374	A	300592	26/4/2019	31	2	10021.51
1	98923	A	150070	26/4/2019	11	2	66415.51
1	98924	A	300596	26/4/2019	11	2	80739.97
1	98925	A	221279	26/4/2019	11	2	22451.19
1	98926	A	221279	26/4/2019	11	2	40858.22
1	98927	A	221279	26/4/2019	11	2	43266.29
1	98928	A	221279	26/4/2019	11	2	8594.25
1	98929	A	221279	26/4/2019	11	2	50336.83
1	3375	A	221279	26/4/2019	31	2	5476.87
1	98930	A	300172	26/4/2019	11	2	113119.14
1	98710	A	221279	8/4/2019	11	2	44437.45
1	98711	A	221279	8/4/2019	11	2	1493.61
1	98712	A	100477	8/4/2019	11	2	77093.56
1	98713	A	100477	8/4/2019	11	2	5041.46
1	98714	A	300023	8/4/2019	11	2	100658.81
1	98715	A	300488	8/4/2019	11	2	17300.19
1	98716	A	300488	8/4/2019	11	2	35524.54
1	98717	A	300488	8/4/2019	11	2	5580.71
1	98718	A	201993	9/4/2019	11	2	76935.1
1	98719	A	184030	9/4/2019	11	2	45340.72
1	98720	A	184030	9/4/2019	11	2	16782.78
1	98721	A	181367	9/4/2019	11	2	60946.87
1	98722	A	300591	9/4/2019	11	2	101977.4
1	98723	A	300591	9/4/2019	11	2	28749.71
1	98724	A	32075	9/4/2019	11	2	175101.8
1	98725	A	32075	9/4/2019	11	2	93232.75
1	98726	A	32075	9/4/2019	11	2	53791.02
1	6232	A	300433	9/4/2019	12	2	28603.12
1	6234	A	40545	9/4/2019	12	2	7704.32
1	6235	A	40545	9/4/2019	12	2	200
1	6236	A	51310	9/4/2019	12	2	29594.42
1	6237	A	51310	9/4/2019	12	2	500
1	98727	A	35857	9/4/2019	11	2	118120.6
1	98728	A	35857	9/4/2019	11	2	135987.35
1	98729	A	35857	9/4/2019	11	2	249455.04
1	98730	A	35857	9/4/2019	11	2	267508.71
1	98731	A	35857	9/4/2019	11	2	128757.36
1	3359	A	32075	10/4/2019	31	2	6882.74
1	98732	A	300601	10/4/2019	11	2	31256.81
1	98733	A	300601	10/4/2019	11	2	24784.91
1	98734	A	214858	10/4/2019	11	2	99686.76
1	98735	A	214858	10/4/2019	11	2	70579.93
1	98736	A	214858	10/4/2019	11	2	86888.32
1	98737	A	300172	10/4/2019	11	2	78356.64
1	98738	A	300172	10/4/2019	11	2	110417.54
1	98739	A	300172	10/4/2019	11	2	95738.12
1	98740	A	203156	10/4/2019	11	2	114632.54
1	98741	A	203156	10/4/2019	11	2	12875.74
1	3360	A	203156	10/4/2019	31	2	9365.44
1	6238	A	300589	11/4/2019	12	2	8161.45
1	6239	A	300589	11/4/2019	12	2	200
1	6240	A	214858	11/4/2019	12	2	64500
1	6241	A	214858	11/4/2019	12	2	200
1	98742	A	21826	11/4/2019	11	2	70351.76
1	3361	A	21826	11/4/2019	31	2	7999.92
1	98743	A	300222	11/4/2019	11	2	100799.93
1	98744	A	300222	11/4/2019	11	2	66698.63
1	98745	A	300610	11/4/2019	11	2	89015.75
1	98746	A	300610	11/4/2019	11	2	67084.97
1	98747	A	201396	11/4/2019	11	2	30577.1
1	98748	A	201396	11/4/2019	11	2	48209.02
1	98749	A	201396	11/4/2019	11	2	184256.64
1	98750	A	201396	11/4/2019	11	2	142300.47
1	98751	A	201396	11/4/2019	11	2	34665.83
1	98752	A	201396	11/4/2019	11	2	79490.35
1	98753	A	201396	11/4/2019	11	2	76622.89
1	98754	A	201396	11/4/2019	11	2	115597.93
1	98755	A	201396	11/4/2019	11	2	156197.55
1	98756	A	201396	11/4/2019	11	2	101067.58
1	98757	A	300610	11/4/2019	11	2	62860.09
1	3362	A	300610	11/4/2019	31	2	6572.23
1	98758	A	40545	12/4/2019	11	2	24461.28
1	98759	A	300606	12/4/2019	11	2	139543.1
1	98760	A	300606	12/4/2019	11	2	44823.96
1	98761	A	221279	12/4/2019	11	2	42721.2
1	98762	A	221279	12/4/2019	11	2	65411.14
1	98763	A	221279	12/4/2019	11	2	46214.03
1	98764	A	221279	12/4/2019	11	2	14685.72
1	98765	A	51301	12/4/2019	11	2	50456.97
1	98766	A	51301	12/4/2019	11	2	10219.02
1	98767	A	51301	12/4/2019	11	2	18853.43
1	98768	A	51301	12/4/2019	11	2	1340.62
1	98769	A	110419	12/4/2019	11	2	91576.96
1	98770	A	110419	12/4/2019	11	2	34164.8
1	98771	A	110419	12/4/2019	11	2	5290.37
1	25366	B	200926	12/4/2019	11	1	81.14
1	98772	A	300591	15/4/2019	11	2	83367.93
1	98773	A	51310	15/4/2019	11	2	56933.71
1	98774	A	51310	15/4/2019	11	2	29848.51
1	98775	A	143255	15/4/2019	11	2	60159.86
1	98776	A	143255	15/4/2019	11	2	23383.88
1	98777	A	21745	15/4/2019	11	2	92482.85
1	98778	A	21745	15/4/2019	11	2	27749.9
1	98779	A	184030	15/4/2019	11	2	67569.26
1	98780	A	184030	15/4/2019	11	2	42616.39
1	98781	A	30355	15/4/2019	11	2	131299.18
1	98782	A	30355	15/4/2019	11	2	126791.41
1	98783	A	30355	15/4/2019	11	2	122565.53
1	98784	A	300589	15/4/2019	11	2	53367.42
1	98785	A	300589	15/4/2019	11	2	10559.92
1	98786	A	72672	15/4/2019	11	2	90322.74
1	98787	A	72672	15/4/2019	11	2	199069.25
1	98788	A	72672	15/4/2019	11	2	104390.66
1	98789	A	300612	15/4/2019	11	2	18607.15
1	98790	A	300612	15/4/2019	11	2	12923.38
1	98791	A	300612	15/4/2019	11	2	20562.85
1	98792	A	300612	15/4/2019	11	2	28139.45
1	98793	A	300612	15/4/2019	11	2	10894.61
1	98794	A	300612	15/4/2019	11	2	20456.45
1	98795	A	300612	15/4/2019	11	2	26463.78
1	98796	A	300612	15/4/2019	11	2	27588.07
1	98797	A	300612	15/4/2019	11	2	24593.38
1	98798	A	300612	15/4/2019	11	2	26858.37
1	98799	A	300612	15/4/2019	11	2	14541.83
1	25367	B	300121	15/4/2019	11	1	125.78
1	98800	A	21826	16/4/2019	11	2	62204.56
1	98801	A	21826	16/4/2019	11	2	61591.31
1	98802	A	300411	16/4/2019	11	2	199885.16
1	98803	A	300411	16/4/2019	11	2	112265.39
1	98804	A	300507	16/4/2019	11	2	54793.35
1	98805	A	300507	16/4/2019	11	2	42572.39
1	98806	A	300598	16/4/2019	11	2	125513.4
1	98807	A	300598	16/4/2019	11	2	139620.77
1	98931	A	300172	26/4/2019	11	2	106248.11
1	98932	A	300172	26/4/2019	11	2	59825.42
1	98933	A	300172	26/4/2019	11	2	85368.01
1	98934	A	300172	26/4/2019	11	2	154228.63
1	98935	A	32075	26/4/2019	11	2	189206.32
1	98936	A	32075	26/4/2019	11	2	237485.34
1	98937	A	32075	26/4/2019	11	2	252048.58
1	98938	A	32075	26/4/2019	11	2	47579.18
1	98939	A	153115	26/4/2019	11	2	168382.69
1	98940	A	153115	26/4/2019	11	2	191492.12
1	98941	A	153115	26/4/2019	11	2	158143.08
1	98942	A	153115	26/4/2019	11	2	176568.16
1	98943	A	153115	26/4/2019	11	2	100597.59
1	98944	A	51301	26/4/2019	11	2	38209.94
1	98945	A	51301	26/4/2019	11	2	31262.47
1	98946	A	51301	26/4/2019	11	2	10612.28
1	98947	A	51301	26/4/2019	11	2	8521.74
1	98948	A	300589	26/4/2019	11	2	50440.36
1	98949	A	300589	26/4/2019	11	2	7461.62
1	98950	A	300589	26/4/2019	11	2	5682.43
1	98951	A	43821	26/4/2019	11	2	151729.36
1	98952	A	43821	26/4/2019	11	2	249520.43
1	98953	A	43821	26/4/2019	11	2	161056.12
1	98954	A	43821	26/4/2019	11	2	307545.4
1	98955	A	300598	29/4/2019	11	2	176464.5
1	98956	A	300598	29/4/2019	11	2	119797.08
1	98957	A	300598	29/4/2019	11	2	169368.99
1	98958	A	300598	29/4/2019	11	2	144493.24
1	3376	A	300598	29/4/2019	31	2	18730.89
1	98959	A	35857	29/4/2019	11	2	53873.3
1	98960	A	35857	29/4/2019	11	2	138147.16
1	98961	A	35857	29/4/2019	11	2	219806.82
1	98962	A	35857	29/4/2019	11	2	120923.45
1	98963	A	35857	29/4/2019	11	2	180886.04
1	98964	A	300591	29/4/2019	11	2	99583.3
1	98965	A	300591	29/4/2019	11	2	41753.31
1	98966	A	153115	29/4/2019	11	2	124827.87
1	98967	A	143255	29/4/2019	11	2	53686.97
1	98968	A	143255	29/4/2019	11	2	51856.03
1	98969	A	300588	29/4/2019	11	2	126065.08
1	98970	A	300588	29/4/2019	11	2	52846.37
1	98971	A	184030	29/4/2019	11	2	25269.92
1	98972	A	184030	29/4/2019	11	2	78501.7
1	98973	A	184030	29/4/2019	11	2	36050.73
1	6267	A	300595	29/4/2019	12	2	37450
1	6268	A	300595	29/4/2019	12	2	200
1	6269	A	72672	29/4/2019	12	2	1800
1	6270	A	72672	29/4/2019	12	2	200
1	98974	A	300458	29/4/2019	11	2	343394.59
1	98975	A	300458	29/4/2019	11	2	55401.81
1	98976	A	300458	29/4/2019	11	2	393291.12
1	98977	A	300458	29/4/2019	11	2	104958.02
1	98978	A	300458	29/4/2019	11	2	182799.58
1	98979	A	300458	29/4/2019	11	2	37780.95
1	98980	A	300458	29/4/2019	11	2	18094.91
1	3377	A	300458	29/4/2019	31	2	24098.22
1	98808	A	300598	16/4/2019	11	2	138563.29
1	98809	A	300598	16/4/2019	11	2	99772.95
1	6242	A	300578	16/4/2019	12	2	920
1	6243	A	300578	16/4/2019	12	2	200
1	6244	A	150070	16/4/2019	12	2	4410
1	6245	A	150070	16/4/2019	12	2	200
1	6246	A	184030	16/4/2019	12	2	6000
1	6247	A	184030	16/4/2019	12	2	500
1	98810	A	300605	16/4/2019	11	2	72694.34
1	98811	A	300605	16/4/2019	11	2	43248.86
1	98812	A	300605	16/4/2019	11	2	33750.64
1	98813	A	300605	16/4/2019	11	2	78146.66
1	98814	A	300605	16/4/2019	11	2	22645.19
1	98815	A	300605	16/4/2019	11	2	35130.66
1	3363	A	300605	16/4/2019	31	2	4999.95
1	98816	A	300602	16/4/2019	11	2	129874.9
1	98817	A	300602	16/4/2019	11	2	84636.5
1	98818	A	300602	16/4/2019	11	2	53798.09
1	98819	A	300602	16/4/2019	11	2	91947.64
1	3364	A	300602	16/4/2019	31	2	10953.74
1	98821	A	300588	16/4/2019	11	2	70477.31
1	98822	A	300588	16/4/2019	11	2	47268.64
1	98823	A	300588	16/4/2019	11	2	90997.4
1	98824	A	300588	16/4/2019	11	2	82827.32
1	98825	A	300588	16/4/2019	11	2	39034.66
1	98826	A	300588	16/4/2019	11	2	123082.2
1	98827	A	300588	16/4/2019	11	2	63978.06
1	98828	A	300593	16/4/2019	11	2	60733.57
1	98829	A	77480	16/4/2019	11	2	100801.01
1	98830	A	77480	16/4/2019	11	2	63697.38
1	98831	A	300001	17/4/2019	11	2	86583.7
1	98832	A	300001	17/4/2019	11	2	31482.26
1	98833	A	300580	17/4/2019	11	2	209506.87
1	98834	A	300580	17/4/2019	11	2	76336.38
1	98835	A	300580	17/4/2019	11	2	97470.73
1	98836	A	300580	17/4/2019	11	2	27700.17
1	98837	A	300577	17/4/2019	11	2	61001.87
1	98838	A	300577	17/4/2019	11	2	23791.16
1	98839	A	50990	17/4/2019	11	2	10574.78
1	98840	A	50990	17/4/2019	11	2	10917.64
1	98841	A	50990	17/4/2019	11	2	23098.17
1	98842	A	50990	17/4/2019	11	2	49318.77
1	98843	A	50990	17/4/2019	11	2	20367.39
1	98844	A	50990	17/4/2019	11	2	20336.92
1	98845	A	50990	17/4/2019	11	2	16009.38
